40
2
61
48
22
40
78
9
66
44
7
10
74
89
95
62
14
65
40
27
24
29
58
60
10
47
54
21
95
88
88
92
79
69
97
3
45
48
25
16
76
69
14
87
21
19
49
68
87
54
49
3
90
95
56
11
44
1
38
75
87
57
14
78
56
15
32
6
93
92
17
67
40
24
52
56
16
71
39
91
98
86
35
42
40
86
3
85
13
87
59
44
11
51
30
19
55
36
31
6
88
44
76
95
37
83
64
66
43
1
96
73
63
47
78
1
23
73
39
71
13
47
93
7
33
74
56
90
95
33
1
80
40
33
3
54
11
40
6
57
23
37
42
13
92
86
82
64
74
29
97
83
97
61
94
42
52
70
62
64
27
74
71
11
100
16
34
30
44
24
91
83
67
83
49
76
6
80
15
48
93
93
17
67
37
18
83
80
40
62
3
41
78
43
31
49
66
32
14
76
53
